$ANSIBLE_VAULT;1.1;AES256
36393963353663653564656439383564316539396539643933386566353065653131623063623164
3433633231386437333163626436326534313266336433370a316563326435326230383563663032
38613237653138393465353637656339303334313161383963646463663933383262646434333163
6337303933333030390a336339656132313965643931326438323865346639326233643561653230
34383065383066396637336265663033643130363464363336626633353535663931373562363337
30386635363239333466383162643766323733653630663131366434333163663762336638386561
32376265663036333131383266623361336562346437656165353463613137376632616533646461
30633930616263363738346437393638373063343339353531313961626661313666336336313638
33353533396632363966343963386463373033323563366635313062366363326338396163333533
32646338393338626230383934653731326466633063333239386639613637303834336661393035
35643563613364623034313239393439646662363963313734633939646162653136663334623564
38346361666134633030356361333066643933353034613064643530353138383832643530303837
30613935373766653365393265663264303238623030316233363931326639333065336262363961
35313462633865363831366134356437353866393564373734653263373833343463343163666461
64633139386338303563303534316464363938343432663536313537303233343263626166383962
36356363353864353931343131343532313937363537633734393737643736643331386538633761
63643933666532346536663863336635666135623935356636376432393565646338303438386234
35376638333836666161653632626362363935366531313566376663323835616131633335623433
31313537623436643537366464646539323836303730333436653638333864306366323461343363
66303363333035353233353562616535616265646430366333303237383534336439643737343964
61363665666534623034666265346535633937306464303536373430663632613131383533396138
32646361333232316661643062383435346565323062323835663066653638373766616638353034
31333533666237643063393766626231623766323566396133343137643761343438323432633863
63316331656133316236
